presence,0,1,2,3,4,5,6,7,8,9,10,11,12,13,14,15,16,17,18,19,20,21,22,23,24,25,26,27,28,29,30,31,32,33
Additive,0.0,0.0,0.0,0.0,4.0,4.0,4.0,8.0,0.0,0.0,0.0,24.0,0.0,0.0,0.0,0.0,0.0,0.0,0.0,0.0,0.0,0.0,0.0,0.0,0.0,0.0,0.0,0.0,0.0,0.0,0.0,0.0,0.0,56.00000000000001
Animal Product,0.0,0.0,0.0,0.0,0.0,0.0,0.0,0.0,0.0,0.0,0.0,0.0,0.0,0.0,0.0,0.0,0.0,0.0,0.0,0.0,0.0,0.0,0.0,0.0,0.0,0.0,0.0,0.0,0.0,0.0,0.0,0.0,0.0,100.0
Bakery,0.0,3.571428571428571,3.571428571428571,0.0,3.571428571428571,0.0,7.142857142857142,17.857142857142858,0.0,0.0,0.0,21.428571428571427,0.0,0.0,0.0,21.428571428571427,7.142857142857142,0.0,0.0,0.0,0.0,0.0,0.0,0.0,0.0,0.0,0.0,0.0,0.0,0.0,0.0,0.0,0.0,14.285714285714285
Berry,15.151515151515152,12.121212121212121,0.0,9.090909090909092,0.0,0.0,0.0,0.0,0.0,0.0,0.0,0.0,0.0,60.60606060606061,0.0,0.0,0.0,0.0,3.0303030303030303,0.0,0.0,0.0,0.0,0.0,0.0,0.0,0.0,0.0,0.0,0.0,0.0,0.0,0.0,0.0
Beverage,0.0,0.0,0.0,0.0,0.0,0.0,8.333333333333332,25.0,0.0,0.0,0.0,16.666666666666664,0.0,8.333333333333332,16.666666666666664,0.0,8.333333333333332,0.0,0.0,0.0,0.0,0.0,0.0,0.0,0.0,0.0,0.0,0.0,0.0,0.0,0.0,0.0,0.0,16.666666666666664
Beverage Alcoholic,0.0,0.0,12.5,0.0,0.0,0.0,0.0,12.5,0.0,12.5,0.0,6.25,0.0,0.0,0.0,0.0,0.0,6.25,0.0,0.0,0.0,0.0,0.0,0.0,0.0,0.0,0.0,0.0,6.25,0.0,0.0,0.0,0.0,43.75
Beverage Caffeinated,0.0,0.0,0.0,0.0,0.0,0.0,0.0,16.666666666666664,0.0,0.0,0.0,0.0,0.0,0.0,16.666666666666664,0.0,0.0,0.0,0.0,16.666666666666664,0.0,0.0,0.0,0.0,0.0,16.666666666666664,0.0,0.0,0.0,0.0,0.0,0.0,33.33333333333333,0.0
Cabbage,12.5,18.75,0.0,25.0,0.0,0.0,0.0,0.0,0.0,0.0,0.0,0.0,0.0,37.5,0.0,0.0,0.0,0.0,0.0,0.0,0.0,0.0,0.0,0.0,0.0,0.0,0.0,0.0,0.0,0.0,0.0,0.0,0.0,6.25
Cereal,14.285714285714285,28.57142857142857,0.0,4.761904761904762,0.0,0.0,4.761904761904762,0.0,0.0,0.0,23.809523809523807,0.0,0.0,4.761904761904762,0.0,0.0,0.0,0.0,0.0,0.0,0.0,4.761904761904762,4.761904761904762,0.0,0.0,0.0,0.0,0.0,0.0,4.761904761904762,0.0,0.0,0.0,4.761904761904762
Dairy,0.0,0.0,0.0,0.0,0.0,0.0,0.0,12.5,0.0,0.0,0.0,18.75,0.0,0.0,0.0,0.0,0.0,0.0,0.0,0.0,6.25,0.0,0.0,0.0,0.0,0.0,0.0,0.0,0.0,0.0,0.0,0.0,0.0,62.5
Dish,0.0,0.0,0.0,0.0,0.0,0.0,1.3333333333333335,21.333333333333336,0.0,0.0,0.0,46.666666666666664,0.0,0.0,0.0,0.0,1.3333333333333335,0.0,0.0,0.0,0.0,0.0,0.0,0.0,0.0,1.3333333333333335,0.0,0.0,2.666666666666667,0.0,0.0,0.0,0.0,25.333333333333336
Essential Oil,25.0,0.0,25.0,0.0,0.0,0.0,0.0,0.0,0.0,0.0,0.0,0.0,0.0,50.0,0.0,0.0,0.0,0.0,0.0,0.0,0.0,0.0,0.0,0.0,0.0,0.0,0.0,0.0,0.0,0.0,0.0,0.0,0.0,0.0
Fish,0.0,0.0,4.716981132075472,0.0,0.9433962264150944,2.8301886792452833,0.0,20.754716981132077,0.0,0.0,0.0,35.84905660377358,0.0,0.0,0.0,0.0,0.0,0.0,0.0,0.0,0.0,0.0,0.0,0.0,0.9433962264150944,0.0,0.0,0.0,0.9433962264150944,0.0,0.0,0.0,0.0,33.0188679245283
Flower,20.0,20.0,0.0,40.0,0.0,0.0,0.0,0.0,0.0,0.0,0.0,0.0,0.0,20.0,0.0,0.0,0.0,0.0,0.0,0.0,0.0,0.0,0.0,0.0,0.0,0.0,0.0,0.0,0.0,0.0,0.0,0.0,0.0,0.0
Fruit,14.814814814814813,20.37037037037037,0.0,33.33333333333333,0.0,0.0,0.0,0.0,0.0,0.0,1.8518518518518516,0.0,0.0,29.629629629629626,0.0,0.0,0.0,0.0,0.0,0.0,0.0,0.0,0.0,0.0,0.0,0.0,0.0,0.0,0.0,0.0,0.0,0.0,0.0,0.0
Fruit Citrus,0.0,33.33333333333333,0.0,33.33333333333333,0.0,16.666666666666664,0.0,0.0,0.0,0.0,0.0,0.0,0.0,16.666666666666664,0.0,0.0,0.0,0.0,0.0,0.0,0.0,0.0,0.0,0.0,0.0,0.0,0.0,0.0,0.0,0.0,0.0,0.0,0.0,0.0
Fruit Essence,100.0,0.0,0.0,0.0,0.0,0.0,0.0,0.0,0.0,0.0,0.0,0.0,0.0,0.0,0.0,0.0,0.0,0.0,0.0,0.0,0.0,0.0,0.0,0.0,0.0,0.0,0.0,0.0,0.0,0.0,0.0,0.0,0.0,0.0
Fruit-Berry,0.0,100.0,0.0,0.0,0.0,0.0,0.0,0.0,0.0,0.0,0.0,0.0,0.0,0.0,0.0,0.0,0.0,0.0,0.0,0.0,0.0,0.0,0.0,0.0,0.0,0.0,0.0,0.0,0.0,0.0,0.0,0.0,0.0,0.0
Fungus,33.33333333333333,11.11111111111111,0.0,0.0,0.0,11.11111111111111,0.0,0.0,22.22222222222222,0.0,0.0,0.0,0.0,22.22222222222222,0.0,0.0,0.0,0.0,0.0,0.0,0.0,0.0,0.0,0.0,0.0,0.0,0.0,0.0,0.0,0.0,0.0,0.0,0.0,0.0
Gourd,16.666666666666664,16.666666666666664,0.0,33.33333333333333,0.0,0.0,0.0,0.0,0.0,0.0,0.0,0.0,0.0,33.33333333333333,0.0,0.0,0.0,0.0,0.0,0.0,0.0,0.0,0.0,0.0,0.0,0.0,0.0,0.0,0.0,0.0,0.0,0.0,0.0,0.0
Herb,17.073170731707318,17.073170731707318,0.0,12.195121951219512,0.0,0.0,0.0,0.0,0.0,0.0,0.0,0.0,0.0,48.78048780487805,0.0,0.0,0.0,0.0,0.0,0.0,0.0,0.0,0.0,0.0,2.4390243902439024,0.0,0.0,0.0,0.0,0.0,0.0,0.0,0.0,2.4390243902439024
Legume,30.0,5.0,5.0,15.0,0.0,0.0,0.0,0.0,5.0,0.0,5.0,0.0,0.0,35.0,0.0,0.0,0.0,0.0,0.0,0.0,0.0,0.0,0.0,0.0,0.0,0.0,0.0,0.0,0.0,0.0,0.0,0.0,0.0,0.0
Maize,0.0,0.0,0.0,0.0,0.0,0.0,0.0,0.0,0.0,0.0,0.0,50.0,0.0,0.0,0.0,25.0,0.0,0.0,0.0,0.0,0.0,0.0,0.0,0.0,0.0,0.0,0.0,0.0,0.0,0.0,0.0,25.0,0.0,0.0
Meat,0.0,0.0,0.0,0.0,0.0,0.0,0.0,3.8461538461538463,0.0,0.0,0.0,0.0,11.538461538461538,0.0,0.0,0.0,0.0,0.0,0.0,0.0,0.0,0.0,0.0,53.84615384615385,0.0,0.0,3.8461538461538463,0.0,0.0,0.0,19.230769230769234,0.0,0.0,7.6923076923076925
Nut,21.052631578947366,15.789473684210526,0.0,26.31578947368421,0.0,10.526315789473683,0.0,0.0,0.0,0.0,0.0,0.0,0.0,26.31578947368421,0.0,0.0,0.0,0.0,0.0,0.0,0.0,0.0,0.0,0.0,0.0,0.0,0.0,0.0,0.0,0.0,0.0,0.0,0.0,0.0
Plant,16.216216216216218,16.216216216216218,0.0,8.108108108108109,0.0,8.108108108108109,0.0,0.0,0.0,0.0,0.0,0.0,0.0,48.64864864864865,0.0,0.0,0.0,0.0,0.0,0.0,0.0,0.0,0.0,0.0,0.0,0.0,0.0,2.7027027027027026,0.0,0.0,0.0,0.0,0.0,0.0
Plant Derivative,9.090909090909092,9.090909090909092,0.0,0.0,0.0,0.0,9.090909090909092,9.090909090909092,0.0,0.0,0.0,0.0,0.0,9.090909090909092,18.181818181818183,0.0,0.0,0.0,0.0,0.0,0.0,0.0,0.0,0.0,0.0,0.0,0.0,0.0,0.0,0.0,0.0,0.0,0.0,36.36363636363637
Seafood,0.0,0.0,25.925925925925924,0.0,3.7037037037037033,18.51851851851852,0.0,14.814814814814813,0.0,0.0,0.0,18.51851851851852,0.0,0.0,0.0,0.0,0.0,0.0,0.0,0.0,0.0,0.0,0.0,0.0,0.0,0.0,0.0,0.0,3.7037037037037033,0.0,0.0,0.0,0.0,14.814814814814813
Seed,0.0,33.33333333333333,0.0,33.33333333333333,33.33333333333333,0.0,0.0,0.0,0.0,0.0,0.0,0.0,0.0,0.0,0.0,0.0,0.0,0.0,0.0,0.0,0.0,0.0,0.0,0.0,0.0,0.0,0.0,0.0,0.0,0.0,0.0,0.0,0.0,0.0
Spice,40.0,26.666666666666668,0.0,20.0,0.0,0.0,0.0,0.0,0.0,0.0,6.666666666666667,0.0,0.0,6.666666666666667,0.0,0.0,0.0,0.0,0.0,0.0,0.0,0.0,0.0,0.0,0.0,0.0,0.0,0.0,0.0,0.0,0.0,0.0,0.0,0.0
Vegetable,15.0,20.0,0.0,30.0,0.0,0.0,0.0,0.0,0.0,0.0,0.0,0.0,0.0,30.0,0.0,5.0,0.0,0.0,0.0,0.0,0.0,0.0,0.0,0.0,0.0,0.0,0.0,0.0,0.0,0.0,0.0,0.0,0.0,0.0
Vegetable Root,0.0,33.33333333333333,0.0,33.33333333333333,0.0,0.0,0.0,0.0,0.0,0.0,16.666666666666664,0.0,0.0,16.666666666666664,0.0,0.0,0.0,0.0,0.0,0.0,0.0,0.0,0.0,0.0,0.0,0.0,0.0,0.0,0.0,0.0,0.0,0.0,0.0,0.0
Vegetable Stem,0.0,0.0,0.0,100.0,0.0,0.0,0.0,0.0,0.0,0.0,0.0,0.0,0.0,0.0,0.0,0.0,0.0,0.0,0.0,0.0,0.0,0.0,0.0,0.0,0.0,0.0,0.0,0.0,0.0,0.0,0.0,0.0,0.0,0.0
Vegetable Tuber,20.0,30.0,0.0,0.0,0.0,0.0,0.0,0.0,0.0,0.0,10.0,10.0,0.0,30.0,0.0,0.0,0.0,0.0,0.0,0.0,0.0,0.0,0.0,0.0,0.0,0.0,0.0,0.0,0.0,0.0,0.0,0.0,0.0,0.0
