presence,0,1,2,3,4,5,6,7,8,9,10,11,12,13,14,15,16,17,18,19,20,21,22,23,24,25,26,27,28,29,30,31,32,33
Additive,24.0,0.0,0.0,4.0,0.0,0.0,0.0,0.0,0.0,8.0,0.0,0.0,0.0,4.0,0.0,4.0,0.0,0.0,0.0,0.0,0.0,0.0,0.0,8.0,0.0,0.0,0.0,0.0,40.0,0.0,0.0,8.0,0.0,0.0
Animal Product,0.0,0.0,0.0,0.0,0.0,0.0,0.0,0.0,0.0,100.0,0.0,0.0,0.0,0.0,0.0,0.0,0.0,0.0,0.0,0.0,0.0,0.0,0.0,0.0,0.0,0.0,0.0,0.0,0.0,0.0,0.0,0.0,0.0,0.0
Bakery,17.857142857142858,0.0,0.0,3.571428571428571,28.57142857142857,0.0,0.0,0.0,0.0,0.0,0.0,0.0,0.0,0.0,3.571428571428571,7.142857142857142,0.0,0.0,0.0,3.571428571428571,0.0,3.571428571428571,0.0,3.571428571428571,0.0,0.0,0.0,0.0,10.714285714285714,0.0,0.0,17.857142857142858,0.0,0.0
Berry,0.0,9.090909090909092,0.0,0.0,0.0,6.0606060606060606,0.0,0.0,0.0,0.0,0.0,0.0,3.0303030303030303,0.0,0.0,0.0,0.0,0.0,45.45454545454545,0.0,0.0,9.090909090909092,0.0,0.0,0.0,18.181818181818183,3.0303030303030303,0.0,0.0,0.0,0.0,0.0,0.0,6.0606060606060606
Beverage,16.666666666666664,8.333333333333332,0.0,0.0,8.333333333333332,0.0,0.0,0.0,0.0,16.666666666666664,0.0,0.0,0.0,0.0,0.0,8.333333333333332,0.0,0.0,0.0,0.0,0.0,0.0,0.0,0.0,0.0,0.0,0.0,0.0,16.666666666666664,0.0,0.0,25.0,0.0,0.0
Beverage Alcoholic,6.25,0.0,0.0,0.0,0.0,0.0,0.0,0.0,0.0,0.0,0.0,0.0,0.0,0.0,12.5,0.0,0.0,0.0,0.0,18.75,6.25,0.0,0.0,31.25,0.0,0.0,0.0,0.0,12.5,0.0,6.25,6.25,0.0,0.0
Beverage Caffeinated,0.0,0.0,0.0,0.0,0.0,0.0,0.0,0.0,0.0,16.666666666666664,33.33333333333333,0.0,0.0,0.0,0.0,0.0,0.0,16.666666666666664,0.0,0.0,0.0,0.0,16.666666666666664,0.0,0.0,0.0,0.0,0.0,0.0,0.0,0.0,16.666666666666664,0.0,0.0
Cabbage,0.0,12.5,0.0,0.0,0.0,12.5,0.0,0.0,0.0,0.0,0.0,0.0,6.25,0.0,0.0,0.0,0.0,0.0,12.5,0.0,0.0,12.5,0.0,0.0,0.0,12.5,0.0,0.0,6.25,0.0,0.0,0.0,6.25,18.75
Cereal,0.0,0.0,0.0,0.0,0.0,4.761904761904762,0.0,0.0,0.0,0.0,0.0,0.0,14.285714285714285,0.0,0.0,14.285714285714285,23.809523809523807,0.0,4.761904761904762,0.0,0.0,4.761904761904762,0.0,0.0,4.761904761904762,0.0,0.0,0.0,4.761904761904762,0.0,0.0,0.0,0.0,23.809523809523807
Dairy,6.25,0.0,0.0,0.0,0.0,0.0,6.25,0.0,6.25,6.25,0.0,0.0,0.0,0.0,0.0,0.0,0.0,0.0,0.0,12.5,0.0,0.0,0.0,18.75,0.0,0.0,0.0,0.0,37.5,0.0,0.0,6.25,0.0,0.0
Dish,30.666666666666664,0.0,0.0,0.0,1.3333333333333335,0.0,0.0,0.0,12.0,8.0,0.0,0.0,0.0,0.0,0.0,1.3333333333333335,0.0,1.3333333333333335,0.0,14.666666666666666,0.0,0.0,0.0,12.0,0.0,0.0,0.0,0.0,6.666666666666667,0.0,2.666666666666667,9.333333333333334,0.0,0.0
Essential Oil,0.0,50.0,0.0,0.0,0.0,0.0,0.0,0.0,0.0,0.0,0.0,0.0,0.0,0.0,25.0,0.0,0.0,0.0,0.0,0.0,0.0,0.0,0.0,0.0,0.0,0.0,0.0,0.0,0.0,0.0,0.0,0.0,25.0,0.0
Fish,14.150943396226415,0.0,0.0,0.9433962264150944,0.0,0.0,0.0,0.0,20.754716981132077,0.0,0.0,0.0,0.0,3.7735849056603774,3.7735849056603774,0.0,0.0,0.0,0.0,21.69811320754717,0.0,0.0,0.0,24.528301886792452,0.0,0.0,0.0,0.0,8.49056603773585,0.0,1.8867924528301887,0.0,0.0,0.0
Flower,0.0,20.0,0.0,0.0,0.0,20.0,0.0,0.0,0.0,0.0,0.0,0.0,0.0,0.0,0.0,0.0,0.0,0.0,0.0,0.0,0.0,20.0,0.0,0.0,0.0,20.0,0.0,0.0,0.0,0.0,0.0,0.0,0.0,20.0
Fruit,0.0,12.962962962962962,0.0,0.0,0.0,22.22222222222222,0.0,0.0,0.0,0.0,0.0,0.0,0.0,0.0,0.0,0.0,1.8518518518518516,0.0,7.4074074074074066,0.0,0.0,18.51851851851852,0.0,0.0,0.0,11.11111111111111,0.0,0.0,0.0,0.0,0.0,0.0,12.962962962962962,12.962962962962962
Fruit Citrus,0.0,0.0,0.0,0.0,0.0,16.666666666666664,0.0,0.0,0.0,0.0,0.0,0.0,0.0,16.666666666666664,0.0,0.0,0.0,0.0,0.0,0.0,0.0,16.666666666666664,0.0,0.0,0.0,16.666666666666664,0.0,0.0,0.0,0.0,0.0,0.0,0.0,33.33333333333333
Fruit Essence,0.0,0.0,0.0,0.0,0.0,0.0,0.0,0.0,0.0,0.0,0.0,0.0,0.0,0.0,0.0,0.0,0.0,0.0,0.0,0.0,0.0,0.0,0.0,0.0,0.0,100.0,0.0,0.0,0.0,0.0,0.0,0.0,0.0,0.0
Fruit-Berry,0.0,0.0,0.0,0.0,0.0,0.0,0.0,0.0,0.0,0.0,0.0,0.0,0.0,0.0,0.0,0.0,0.0,0.0,0.0,0.0,0.0,100.0,0.0,0.0,0.0,0.0,0.0,0.0,0.0,0.0,0.0,0.0,0.0,0.0
Fungus,0.0,22.22222222222222,0.0,0.0,0.0,0.0,0.0,0.0,0.0,0.0,0.0,0.0,11.11111111111111,11.11111111111111,0.0,0.0,0.0,0.0,0.0,0.0,0.0,11.11111111111111,0.0,0.0,0.0,0.0,0.0,22.22222222222222,0.0,0.0,0.0,0.0,22.22222222222222,0.0
Gourd,0.0,16.666666666666664,0.0,0.0,0.0,16.666666666666664,0.0,0.0,0.0,0.0,0.0,0.0,16.666666666666664,0.0,0.0,0.0,0.0,0.0,0.0,0.0,0.0,16.666666666666664,0.0,0.0,0.0,16.666666666666664,0.0,0.0,0.0,0.0,0.0,0.0,0.0,16.666666666666664
Herb,0.0,14.634146341463413,0.0,0.0,0.0,7.317073170731707,0.0,0.0,0.0,0.0,0.0,0.0,9.75609756097561,2.4390243902439024,0.0,0.0,0.0,0.0,21.951219512195124,0.0,0.0,12.195121951219512,0.0,2.4390243902439024,0.0,12.195121951219512,0.0,0.0,0.0,0.0,0.0,0.0,7.317073170731707,9.75609756097561
Legume,0.0,10.0,0.0,0.0,0.0,0.0,0.0,0.0,0.0,0.0,0.0,0.0,15.0,0.0,5.0,0.0,5.0,0.0,10.0,0.0,0.0,5.0,0.0,0.0,0.0,15.0,0.0,5.0,0.0,0.0,0.0,0.0,15.0,15.0
Maize,50.0,0.0,0.0,0.0,25.0,0.0,0.0,0.0,0.0,0.0,0.0,0.0,0.0,0.0,0.0,0.0,0.0,0.0,0.0,0.0,0.0,0.0,0.0,0.0,0.0,0.0,0.0,25.0,0.0,0.0,0.0,0.0,0.0,0.0
Meat,0.0,0.0,19.230769230769234,0.0,0.0,0.0,0.0,57.692307692307686,0.0,0.0,0.0,0.0,0.0,0.0,0.0,0.0,0.0,0.0,0.0,0.0,0.0,0.0,0.0,7.6923076923076925,0.0,0.0,0.0,0.0,0.0,11.538461538461538,0.0,3.8461538461538463,0.0,0.0
Nut,0.0,26.31578947368421,0.0,0.0,0.0,15.789473684210526,0.0,0.0,0.0,0.0,0.0,0.0,10.526315789473683,10.526315789473683,0.0,0.0,0.0,0.0,0.0,0.0,0.0,15.789473684210526,0.0,0.0,0.0,0.0,0.0,0.0,0.0,0.0,0.0,0.0,10.526315789473683,10.526315789473683
Plant,0.0,16.216216216216218,0.0,0.0,0.0,0.0,0.0,0.0,0.0,0.0,0.0,2.7027027027027026,2.7027027027027026,8.108108108108109,0.0,0.0,0.0,0.0,13.513513513513514,0.0,0.0,13.513513513513514,0.0,0.0,0.0,24.324324324324326,0.0,0.0,0.0,0.0,0.0,0.0,8.108108108108109,10.81081081081081
Plant Derivative,0.0,0.0,0.0,0.0,0.0,0.0,0.0,0.0,0.0,18.181818181818183,0.0,0.0,0.0,0.0,0.0,9.090909090909092,0.0,0.0,0.0,0.0,0.0,9.090909090909092,0.0,18.181818181818183,0.0,9.090909090909092,0.0,0.0,18.181818181818183,0.0,0.0,9.090909090909092,9.090909090909092,0.0
Seafood,11.11111111111111,0.0,0.0,3.7037037037037033,0.0,0.0,0.0,0.0,11.11111111111111,0.0,0.0,0.0,0.0,18.51851851851852,25.925925925925924,0.0,0.0,0.0,0.0,7.4074074074074066,0.0,0.0,0.0,3.7037037037037033,0.0,0.0,0.0,0.0,11.11111111111111,0.0,0.0,7.4074074074074066,0.0,0.0
Seed,0.0,0.0,0.0,33.33333333333333,0.0,0.0,0.0,0.0,0.0,0.0,0.0,0.0,0.0,0.0,0.0,0.0,0.0,0.0,0.0,0.0,0.0,0.0,0.0,0.0,0.0,0.0,0.0,0.0,0.0,0.0,0.0,0.0,0.0,66.66666666666666
Spice,0.0,6.666666666666667,0.0,0.0,0.0,13.333333333333334,0.0,0.0,0.0,0.0,0.0,0.0,26.666666666666668,0.0,0.0,0.0,6.666666666666667,0.0,0.0,0.0,0.0,26.666666666666668,0.0,0.0,0.0,0.0,0.0,0.0,0.0,0.0,0.0,0.0,13.333333333333334,6.666666666666667
Vegetable,0.0,5.0,0.0,0.0,5.0,15.0,0.0,0.0,0.0,0.0,0.0,0.0,5.0,0.0,0.0,0.0,0.0,0.0,10.0,0.0,0.0,20.0,0.0,0.0,0.0,20.0,0.0,0.0,0.0,0.0,0.0,0.0,5.0,15.0
Vegetable Root,0.0,0.0,0.0,0.0,0.0,16.666666666666664,0.0,0.0,0.0,0.0,0.0,0.0,0.0,0.0,0.0,0.0,16.666666666666664,0.0,16.666666666666664,0.0,0.0,33.33333333333333,0.0,0.0,0.0,0.0,0.0,0.0,0.0,0.0,0.0,0.0,0.0,16.666666666666664
Vegetable Stem,0.0,0.0,0.0,0.0,0.0,100.0,0.0,0.0,0.0,0.0,0.0,0.0,0.0,0.0,0.0,0.0,0.0,0.0,0.0,0.0,0.0,0.0,0.0,0.0,0.0,0.0,0.0,0.0,0.0,0.0,0.0,0.0,0.0,0.0
Vegetable Tuber,0.0,10.0,0.0,0.0,0.0,0.0,0.0,0.0,0.0,0.0,0.0,0.0,0.0,0.0,0.0,0.0,10.0,0.0,0.0,10.0,0.0,30.0,0.0,0.0,0.0,20.0,0.0,0.0,0.0,0.0,0.0,0.0,20.0,0.0
